.Random.seed <-
c(403L, 10L, -511656450L, -992440904L, 2035827099L, -519632903L, 
1874448200L, -577578378L, 382735281L, 1780878819L, -2060692814L, 
1636216580L, -1473866681L, 21996317L, 161528212L, 242253114L, 
-671915643L, 1749234271L, -1910614810L, -1071667344L, 1905813651L, 
1527096625L, 2119988192L, 908042366L, 806845193L, 1311284539L, 
-2081443574L, 861233388L, -682275473L, -2046684507L, -938103716L, 
-1454691278L, 37710637L, -1860652569L, -1264857842L, -2038996248L, 
-1358942997L, -1091476087L, -1942702824L, 293369926L, 1660543137L, 
-1378998477L, 1780856482L, -1028848236L, -1775612905L, -875373555L, 
-2030503644L, 340841738L, 1937028213L, -2146148401L, 2006778070L, 
1580318848L, -1992163645L, 570771553L, -461178672L, -789401042L, 
381913L, 572513259L, 1707620954L, 491277340L, -418735841L, 209389941L, 
-1759475700L, -1964748318L, -1105057091L, 291661111L, 1190906334L, 
-1138012392L, -2116942213L, -1483062247L, 2030564520L, 1561579094L, 
-507090223L, -1540978045L, 1399079186L, 669574308L, 1457992807L, 
-1652376131L, -180076748L, 1265261722L, -533552411L, -1696179073L, 
-300952058L, -1925881456L, -395764685L, 1329378257L, -716637824L, 
2103301214L, 444466089L, 1390434907L, 527187562L, -224886004L, 
1657496911L, 697835013L, 843097276L, -476523118L, -1526165875L, 
-571079481L, 79094190L, -390214648L, 1813118987L, -1918290711L, 
1413829560L, 226008166L, -1341948671L, -174580845L, 25869378L, 
1221592052L, 203853303L, 164549101L, -1094458748L, 284742826L, 
-909164011L, -1026572625L, 586546358L, -1232745760L, -1679952349L, 
438565185L, -1050516432L, 25394766L, -721753415L, 1396690635L, 
522696570L, 1021918844L, -1925530945L, 114809749L, 534059948L, 
1893208450L, -695806115L, -1816446377L, -268127938L, -1634676360L, 
-1780733349L, 1433918905L, -907083768L, -1896660298L, -1827710479L, 
104140835L, 877277298L, 1968968388L, -2146761593L, 1723775069L, 
-546677164L, -1482056582L, -1169799227L, -1257977569L, -1568077658L, 
2105813552L, -941985581L, 2031025905L, -1729389024L, -1694291778L, 
-1917932343L, -32045445L, 1035699274L, 245583020L, 540744623L, 
843636581L, -145296100L, -1086890638L, -811035155L, -2040120793L, 
-940680626L, -708436312L, -512969557L, -1782303287L, 399604184L, 
-861572986L, -619709087L, 963678451L, 485220194L, -2086282796L, 
-1124487977L, 377417421L, -2055944604L, -2141436854L, -1367486027L, 
36789519L, -1243457002L, -779733824L, -1466428797L, -430883167L, 
547696784L, -798893202L, -2034334439L, 648525227L, 2000278426L, 
-639186084L, 372410975L, -1135775179L, -399697460L, -1891536606L, 
-846924931L, -1250520969L, -1205774946L, 1230318680L, -1441556037L, 
271179609L, 822435048L, 1188070678L, 1685493393L, -699638973L, 
1328383570L, 11151588L, 64469799L, -490238083L, 1400136308L, 
1234926682L, 195331237L, -811278657L, 2049525062L, 1045711824L, 
1624950259L, 2118070545L, -426664640L, -1969726178L, -256554519L, 
889154331L, -246549206L, 824815180L, -1972798961L, -1238327995L, 
605601532L, 297768274L, -67872051L, 1918907015L, -1893624466L, 
1152765768L, 108215115L, 906539744L, -498111284L, -1613325152L, 
-1055384190L, -787870488L, -1796559636L, -1513199556L, 1304464498L, 
899677296L, 1761260068L, 869520952L, 1006785050L, -1392094000L, 
1384982076L, 561832084L, 1994124418L, 898517952L, -449728196L, 
-607818096L, 2009891874L, -746278904L, 635581580L, -561167332L, 
1331458194L, 314303616L, 1007361044L, 430397224L, -553727942L, 
623458512L, -22546324L, -654635340L, -700879854L, 566907872L, 
-561814580L, 1453269472L, -1257625566L, 1038476584L, 917025036L, 
-954817988L, -763168526L, -998114064L, -1704569020L, 267852888L, 
-470911430L, 1753239792L, 994440892L, -1072705004L, -142771006L, 
-1215296928L, 1346822524L, 341134544L, 1532651554L, 463041704L, 
-456056436L, -1147989572L, 359664690L, -694266048L, 1078481588L, 
659373384L, 278779578L, 1881506576L, -709912340L, 1457073236L, 
1203915538L, -1322078816L, -1584416820L, 239645536L, -1520149310L, 
-979942872L, 75283884L, 1137920828L, -870719630L, -1033175248L, 
1836221476L, -85310920L, -1699330342L, 1574175632L, 162273532L, 
932831636L, -625073342L, 865573376L, -1929485252L, 1978198608L, 
779945122L, 1663301448L, 2092973580L, -103121188L, 43810898L, 
-479035264L, -317777068L, -1397054488L, 1146643194L, -1925963952L, 
-1971142612L, 1857827188L, -1049259374L, -2014780832L, -651492212L, 
-747899552L, -2091235102L, -1625554776L, 982313676L, 108553724L, 
-221118542L, -1570744336L, 159729092L, -114845352L, 1816933754L, 
868804016L, 1069836732L, 915700308L, -1245884990L, -1960101088L, 
-2121266244L, 2051851344L, 991895522L, 1148658536L, 10217292L, 
1955330812L, 1192770290L, -642682624L, 1752814708L, 700963336L, 
788687290L, -897140272L, 660319212L, 821004180L, -899470126L, 
683657312L, -1725587124L, 1608902432L, 1255189122L, 25479656L, 
-1107520532L, 1218567740L, 1087216242L, -1826660496L, 1614024996L, 
694079032L, 315415962L, 1928295888L, -2045963844L, 2062574228L, 
-1782532478L, 1291030976L, 566722364L, 2090497680L, 621957922L, 
612288008L, -1774405876L, 577173404L, -1310056430L, -341367936L, 
570122004L, -1888253656L, 1731895354L, 1389926352L, -578557332L, 
964758580L, -741370734L, 999554400L, -1658130100L, 631941600L, 
-551403614L, -34533464L, -590809972L, 964064188L, 1856493682L, 
-881331216L, -1768210364L, 1871467608L, 489787450L, 191774832L, 
-1653214660L, 408189716L, 73957058L, 753598176L, -2068188036L, 
1879195856L, -1124322398L, -896396760L, -2032196340L, 931699644L, 
1898956082L, -1734112064L, -2134909388L, -387033400L, -1498442054L, 
1090445456L, -677872916L, 1673112148L, -395129198L, 891255584L, 
494693324L, 1986002144L, 1548937922L, -571465688L, 1835600812L, 
-2081514820L, -432126478L, -477649360L, 99561380L, -633731656L, 
-979255462L, -1492035440L, 1935887228L, -669310188L, -1214774974L, 
-482491648L, 94588860L, -307858608L, 1971664162L, 633855560L, 
-1361385460L, 135467100L, 1890236882L, 1332984320L, 14041428L, 
726623464L, -62751494L, -400263472L, 1336093996L, 673237236L, 
1888753042L, 1019050336L, 988002316L, -1712029984L, 1882868267L, 
1031361948L, -381063734L, 382738111L, -597753847L, 1178706206L, 
-97966900L, -858197859L, 429753639L, -1500932272L, 435149294L, 
-1950978405L, -511844099L, -1327036438L, 19513480L, -113541583L, 
1904335011L, 1650527396L, -910971566L, -1173772121L, -1502216975L, 
-50934730L, -801774380L, -1667356571L, 148214383L, -663892824L, 
1963780614L, 1018800947L, 1168916373L, 1954880498L, -1969524672L, 
1402851753L, 504561691L, 2043489772L, 777227770L, 549435951L, 
216659513L, -652992434L, -762853220L, 1509345805L, -420370825L, 
544652928L, 1071013086L, 1099677611L, 933359789L, -517839590L, 
-934690344L, 1822358081L, -907431693L, -104296684L, 1079142050L, 
-1828446281L, 1249880961L, 327637382L, -2122564668L, -1923242251L, 
-239078561L, -1239147080L, 1946100886L, -27682141L, 619150437L, 
171157890L, 132805360L, -564140391L, -704058741L, 1593060220L, 
1101204906L, 187622879L, -1582009495L, -140790914L, 1333537644L, 
632643517L, -74371961L, -1201282960L, -1657173234L, 1824204859L, 
1341040413L, -411482678L, 1479294696L, 1406128593L, 1750328259L, 
1706147012L, 74908530L, -227287481L, 1625390609L, -1999499370L, 
-1042943244L, -517114747L, -1851070001L, 703855816L, -790532762L, 
-1864413293L, -1987178251L, 1491376338L, 1594304288L, 1899628297L, 
-674680773L, 1966908812L, -1128080358L, 1901695119L, -1439012903L, 
-906573714L, 668290044L, 450533741L, -1517243625L, -320605472L, 
-78106434L, -796574069L, 1041900813L, -528078534L, 2114255224L, 
423344929L, -1450120237L, 1919750900L, 866139010L, -644929001L, 
2036820193L, -587717082L, 151928612L, -1961627691L, -59787393L, 
-1735851496L, 907215158L, -1848021053L, -772764155L, -939090526L, 
1342972304L, 1490401593L, 484720107L, 244039388L, 2119502602L, 
-1324538369L, 958757961L, 1638710750L, 1851198860L, -1982703267L, 
-729493145L, -1293790576L, 1846422702L, -1843823269L, 219840829L, 
894929834L, 1076993096L, 720258161L, 215503331L, -1558024988L, 
1828722706L, -1563165721L, 1361241009L, 22650358L, 450568212L, 
